
PID coefficient,Total Power,Stimul Current,Gear,Cadence

0.12,	16,	38.53,	0,	0.00
0.27,	0,	55.17,	0,	0.00
0.29,	0,	68.25,	0,	0.00
0.31,	0,	78.18,	0,	0.00
0.33,	0,	85.47,	0,	0.00
0.15,	23,	87.71,	0,	0.00
0.36,	0,	92.13,	0,	0.00
0.29,	10,	94.44,	0,	0.00
0.39,	0,	96.64,	0,	0.00
0.31,	12,	97.68,	0,	0.00
0.43,	0,	98.68,	0,	0.00
0.45,	0,	99.27,	0,	0.00
0.47,	0,	99.61,	0,	0.00
0.40,	10,	99.77,	0,	0.00
0.51,	0,	99.89,	0,	0.00
0.53,	0,	99.95,	0,	0.00
0.55,	0,	99.98,	0,	0.00
0.57,	0,	99.99,	0,	0.00
0.59,	0,	100.00,	0,	0.00
0.61,	0,	100.00,	0,	0.00
0.63,	0,	100.00,	0,	0.00
0.57,	10,	100.00,	0,	0.00
0.67,	0,	100.00,	0,	0.00
0.69,	0,	100.00,	0,	0.00
0.71,	0,	100.00,	0,	0.00
0.73,	0,	100.00,	0,	0.00
0.75,	0,	100.00,	0,	0.00
0.77,	0,	100.00,	0,	0.00
0.79,	0,	100.00,	0,	0.00
0.81,	0,	100.00,	0,	0.00
0.83,	0,	100.00,	0,	0.00
0.86,	0,	100.00,	0,	0.00
0.88,	0,	100.00,	0,	0.00
0.90,	0,	100.00,	0,	0.00
0.92,	0,	100.00,	0,	0.00
0.94,	0,	100.00,	0,	0.00
0.96,	0,	100.00,	0,	0.00
0.91,	8,	100.00,	0,	0.00
1.00,	0,	100.00,	0,	0.00
1.00,	0,	100.00,	0,	0.00
1.00,	0,	100.00,	0,	0.00
1.00,	0,	100.00,	0,	0.00
0.92,	18,	100.00,	0,	0.00
0.82,	31,	100.00,	0,	0.00
0.85,	27,	100.00,	0,	0.00
0.82,	31,	100.00,	0,	0.00
0.78,	36,	100.00,	0,	0.00
1.00,	0,	100.00,	0,	0.00
1.00,	0,	100.00,	0,	0.00
1.00,	0,	100.00,	0,	0.00
1.00,	0,	100.00,	0,	0.00
1.00,	14,	100.00,	0,	0.00
1.00,	21,	100.00,	0,	0.00
1.00,	0,	100.00,	0,	0.00
1.00,	20,	100.00,	0,	0.00
1.00,	21,	100.00,	0,	0.00
1.00,	9,	100.00,	0,	0.00
1.00,	10,	100.00,	0,	0.00
1.00,	20,	100.00,	0,	0.00
1.00,	0,	100.00,	0,	0.00
1.00,	0,	100.00,	0,	0.00
1.00,	9,	100.00,	0,	0.00
1.00,	24,	100.00,	0,	0.00
1.00,	0,	100.00,	0,	0.00
1.00,	0,	100.00,	0,	0.00
1.00,	0,	100.00,	0,	0.00
1.00,	0,	100.00,	0,	0.00
1.00,	0,	100.00,	0,	0.00
1.00,	0,	100.00,	0,	0.00
1.00,	9,	100.00,	0,	0.00
1.00,	13,	100.00,	0,	0.00
1.00,	8,	100.00,	0,	0.00
1.00,	25,	100.00,	0,	0.00
1.00,	25,	100.00,	0,	0.00
1.00,	24,	100.00,	0,	0.00
1.00,	34,	100.00,	0,	0.00
1.00,	32,	100.00,	0,	0.00
1.00,	27,	100.00,	0,	0.00
1.00,	32,	100.00,	0,	0.00
1.00,	30,	100.00,	0,	0.00
1.00,	26,	100.00,	0,	0.00
1.00,	15,	100.00,	0,	0.00
1.00,	0,	100.00,	0,	0.00
1.00,	0,	100.00,	0,	0.00
1.00,	0,	100.00,	0,	0.00
1.00,	0,	100.00,	0,	0.00
1.00,	0,	100.00,	0,	0.00
1.00,	0,	100.00,	0,	0.00
1.00,	0,	100.00,	0,	0.00
1.00,	0,	100.00,	0,	0.00
1.00,	0,	100.00,	0,	0.00
1.00,	0,	100.00,	0,	0.00
1.00,	0,	100.00,	0,	0.00
1.00,	0,	100.00,	0,	0.00
1.00,	0,	100.00,	0,	0.00
1.00,	0,	100.00,	0,	0.00
1.00,	0,	100.00,	0,	0.00
1.00,	0,	100.00,	0,	0.00
1.00,	0,	100.00,	0,	0.00
1.00,	0,	100.00,	0,	0.00
1.00,	0,	100.00,	0,	0.00
1.00,	0,	100.00,	0,	0.00
1.00,	0,	100.00,	0,	0.00
1.00,	0,	100.00,	0,	0.00
1.00,	0,	100.00,	0,	0.00
1.00,	0,	100.00,	0,	0.00
1.00,	0,	100.00,	0,	0.00
1.00,	0,	100.00,	0,	0.00