
PID coefficient,Total Power,Stimul Current,Gear,Cadence

0.06,	22,	34.49,	0,	0.00
0.06,	22,	38.71,	0,	0.00
0.07,	21,	43.16,	0,	0.00
0.24,	0,	56.88,	0,	0.00
0.24,	0,	67.32,	0,	0.00
0.24,	0,	75.26,	0,	0.00
0.24,	0,	81.29,	0,	0.00
0.24,	0,	85.86,	0,	0.00
0.25,	0,	89.33,	0,	0.00
0.25,	0,	91.95,	0,	0.00
0.04,	26,	92.26,	0,	0.00
0.01,	30,	92.30,	0,	0.00
-0.01,	32,	92.22,	0,	0.00
-0.01,	32,	92.15,	0,	0.00
-0.03,	35,	91.88,	0,	0.00
-0.03,	35,	91.60,	0,	0.00
-0.04,	36,	91.24,	0,	0.00
0.05,	24,	91.71,	0,	0.00
0.08,	21,	92.36,	0,	0.00
0.02,	28,	92.52,	0,	0.00
0.07,	22,	93.05,	0,	0.00
0.05,	25,	93.37,	0,	0.00
0.06,	23,	93.78,	0,	0.00
0.07,	22,	94.22,	0,	0.00
0.08,	21,	94.68,	0,	0.00
0.08,	21,	95.10,	0,	0.00
0.05,	25,	95.33,	0,	0.00
0.10,	19,	95.77,	0,	0.00
0.09,	20,	96.15,	0,	0.00
0.11,	17,	96.58,	0,	0.00
0.10,	19,	96.91,	0,	0.00
0.08,	21,	97.16,	0,	0.00
0.09,	20,	97.41,	0,	0.00
0.07,	22,	97.60,	0,	0.00
0.09,	20,	97.81,	0,	0.00
0.11,	18,	98.04,	0,	0.00
0.10,	19,	98.23,	0,	0.00
0.10,	19,	98.41,	0,	0.00
0.25,	0,	98.81,	0,	0.00
0.25,	0,	99.11,	0,	0.00