
PID coefficient,Total Power,Stimul Current,Gear,Cadence

0.03,	25,	31.76,	0,	0.00
0.02,	26,	33.14,	0,	0.00
0.02,	27,	34.16,	0,	0.00
0.01,	28,	34.84,	0,	0.00
-0.00,	31,	34.54,	0,	0.00
0.01,	29,	34.89,	0,	0.00
0.01,	29,	35.24,	0,	0.00
0.00,	30,	35.26,	0,	0.00
0.01,	29,	35.61,	0,	0.00
0.00,	30,	35.64,	0,	0.00
-0.01,	33,	34.69,	0,	0.00
-0.01,	32,	34.06,	0,	0.00
0.01,	29,	34.41,	0,	0.00
0.01,	28,	35.09,	0,	0.00
0.02,	27,	36.09,	0,	0.00
0.01,	28,	36.76,	0,	0.00
0.02,	26,	38.06,	0,	0.00
0.01,	28,	38.72,	0,	0.00
0.05,	20,	41.84,	0,	0.00
-0.01,	32,	41.30,	0,	0.00
0.02,	27,	42.23,	0,	0.00
-0.01,	32,	41.71,	0,	0.00
-0.06,	43,	37.95,	0,	0.00
-0.15,	59,	28.94,	0,	0.00
-0.12,	53,	20.71,	0,	0.00
-0.12,	54,	11.09,	0,	0.00
-0.10,	50,	2.03,	0,	0.00
-0.09,	47,	-6.52,	0,	0.00
0.15,	0,	9.29,	0,	0.00
0.15,	0,	22.82,	0,	0.00
0.15,	0,	34.40,	0,	0.00
0.15,	0,	44.28,	0,	0.00
0.15,	0,	52.72,	0,	0.00
0.15,	0,	59.92,	0,	0.00
0.15,	0,	66.05,	0,	0.00
0.15,	0,	71.27,	0,	0.00
0.15,	0,	75.70,	0,	0.00
0.16,	0,	79.47,	0,	0.00
0.16,	0,	82.68,	0,	0.00