
PID coefficient,Total Power,Stimul Current,Gear,Cadence

0.10,	18,	37.31,	0,	0.00
0.11,	18,	44.38,	0,	0.00
0.12,	18,	51.12,	0,	0.00
0.21,	9,	61.28,	0,	0.00
0.23,	8,	70.24,	0,	0.00
0.15,	19,	74.73,	0,	0.00
0.13,	22,	78.08,	0,	0.00
0.25,	9,	83.59,	0,	0.00
0.17,	20,	86.39,	0,	0.00
0.15,	23,	88.44,	0,	0.00
0.17,	21,	90.45,	0,	0.00
0.15,	24,	91.92,	0,	0.00
0.19,	20,	93.47,	0,	0.00
0.17,	23,	94.61,	0,	0.00
0.29,	10,	96.18,	0,	0.00
0.20,	22,	96.95,	0,	0.00
0.20,	23,	97.55,	0,	0.00
0.21,	22,	98.07,	0,	0.00
0.19,	25,	98.44,	0,	0.00
0.41,	0,	99.08,	0,	0.00
0.24,	22,	99.30,	0,	0.00
0.35,	10,	99.55,	0,	0.00
0.37,	10,	99.71,	0,	0.00
0.38,	10,	99.82,	0,	0.00
0.31,	20,	99.88,	0,	0.00
0.31,	21,	99.91,	0,	0.00
0.31,	21,	99.94,	0,	0.00
0.31,	22,	99.96,	0,	0.00
0.41,	11,	99.98,	0,	0.00
0.28,	27,	99.98,	0,	0.00
0.43,	10,	99.99,	0,	0.00
0.54,	0,	100.00,	0,	0.00
0.46,	11,	100.00,	0,	0.00
0.37,	23,	100.00,	0,	0.00
0.37,	23,	100.00,	0,	0.00
0.46,	14,	100.00,	0,	0.00
0.59,	0,	100.00,	0,	0.00
0.61,	0,	100.00,	0,	0.00
0.54,	11,	100.00,	0,	0.00
0.53,	13,	100.00,	0,	0.00
0.56,	11,	100.00,	0,	0.00
0.49,	21,	100.00,	0,	0.00
0.48,	23,	100.00,	0,	0.00
0.58,	12,	100.00,	0,	0.00
0.60,	11,	100.00,	0,	0.00
0.71,	0,	100.00,	0,	0.00
0.64,	10,	100.00,	0,	0.00
0.74,	0,	100.00,	0,	0.00
0.76,	0,	100.00,	0,	0.00
0.79,	0,	100.00,	0,	0.00
0.81,	0,	100.00,	0,	0.00
0.74,	10,	100.00,	0,	0.00
0.66,	21,	100.00,	0,	0.00
0.55,	34,	100.00,	0,	0.00
0.66,	21,	100.00,	0,	0.00
0.69,	19,	100.00,	0,	0.00
0.75,	13,	100.00,	0,	0.00
0.78,	10,	100.00,	0,	0.00
0.71,	20,	100.00,	0,	0.00
0.66,	27,	100.00,	0,	0.00
0.72,	20,	100.00,	0,	0.00
0.72,	21,	100.00,	0,	0.00
0.79,	14,	100.00,	0,	0.00
0.82,	11,	100.00,	0,	0.00
0.73,	23,	100.00,	0,	0.00
0.74,	23,	100.00,	0,	0.00
0.94,	0,	100.00,	0,	0.00
0.96,	0,	100.00,	0,	0.00
0.98,	0,	100.00,	0,	0.00
1.00,	0,	100.00,	0,	0.00
0.93,	11,	100.00,	0,	0.00
0.60,	50,	100.00,	0,	0.00
0.70,	37,	100.00,	0,	0.00
0.73,	33,	100.00,	0,	0.00
1.00,	0,	100.00,	0,	0.00
1.00,	0,	100.00,	0,	0.00
0.96,	12,	100.00,	0,	0.00
0.46,	70,	100.00,	0,	0.00
0.91,	15,	100.00,	0,	0.00
1.00,	0,	100.00,	0,	0.00
1.00,	0,	100.00,	0,	0.00
0.98,	14,	100.00,	0,	0.00
0.44,	77,	100.00,	0,	0.00
1.00,	0,	100.00,	0,	0.00
1.00,	0,	100.00,	0,	0.00
1.00,	0,	100.00,	0,	0.00
1.00,	0,	100.00,	0,	0.00
1.00,	0,	100.00,	0,	0.00
1.00,	0,	100.00,	0,	0.00
1.00,	0,	100.00,	0,	0.00
1.00,	0,	100.00,	0,	0.00
1.00,	0,	100.00,	0,	0.00
1.00,	0,	100.00,	0,	0.00
1.00,	0,	100.00,	0,	0.00
1.00,	0,	100.00,	0,	0.00
1.00,	0,	100.00,	0,	0.00
1.00,	0,	100.00,	0,	0.00
1.00,	0,	100.00,	0,	0.00
1.00,	0,	100.00,	0,	0.00
1.00,	14,	100.00,	0,	0.00
0.91,	59,	100.00,	0,	0.00
0.82,	67,	100.00,	0,	0.00
1.00,	15,	100.00,	0,	0.00
1.00,	0,	100.00,	0,	0.00
1.00,	0,	100.00,	0,	0.00
1.00,	0,	100.00,	0,	0.00
1.00,	0,	100.00,	0,	0.00
1.00,	0,	100.00,	0,	0.00
1.00,	0,	100.00,	0,	0.00
1.00,	0,	100.00,	0,	0.00
1.00,	11,	100.00,	0,	0.00
1.00,	0,	100.00,	0,	0.00
1.00,	0,	100.00,	0,	0.00
1.00,	8,	100.00,	0,	0.00
1.00,	0,	100.00,	0,	0.00
1.00,	23,	100.00,	0,	0.00
1.00,	0,	100.00,	0,	0.00
1.00,	0,	100.00,	0,	0.00
1.00,	0,	100.00,	0,	0.00
1.00,	0,	100.00,	0,	0.00
1.00,	0,	100.00,	0,	0.00
1.00,	0,	100.00,	0,	0.00
1.00,	8,	100.00,	0,	0.00
1.00,	18,	100.00,	0,	0.00
1.00,	22,	100.00,	0,	0.00
1.00,	34,	100.00,	0,	0.00
1.00,	34,	100.00,	0,	0.00
1.00,	63,	100.00,	0,	0.00
1.00,	47,	100.00,	0,	0.00
1.00,	32,	100.00,	0,	0.00
1.00,	29,	100.00,	0,	0.00
1.00,	35,	100.00,	0,	0.00
1.00,	32,	100.00,	0,	0.00
1.00,	0,	100.00,	0,	0.00
1.00,	0,	100.00,	0,	0.00
1.00,	0,	100.00,	0,	0.00
1.00,	0,	100.00,	0,	0.00
1.00,	0,	100.00,	0,	0.00
1.00,	0,	100.00,	0,	0.00
1.00,	0,	100.00,	0,	0.00
1.00,	0,	100.00,	0,	0.00
1.00,	0,	100.00,	0,	0.00
1.00,	0,	100.00,	0,	0.00
1.00,	0,	100.00,	0,	0.00
1.00,	0,	100.00,	0,	0.00