
PID coefficient,Total Power,Gear,Cadence

0.60,	0,	0,	0.00
0.60,	0,	0,	0.00
0.60,	0,	0,	0.00
0.60,	0,	0,	0.00
0.60,	0,	0,	0.00
0.60,	0,	0,	0.00
0.60,	0,	0,	0.00
0.60,	0,	0,	0.00
0.60,	0,	0,	0.00
0.60,	0,	0,	0.00
0.60,	0,	0,	0.00
0.60,	0,	0,	0.00
0.60,	0,	0,	0.00
0.60,	0,	0,	0.00
0.60,	0,	0,	0.00
0.60,	0,	0,	0.00
0.60,	0,	0,	0.00
0.60,	0,	0,	0.00
0.60,	0,	0,	0.00
0.60,	0,	0,	0.00
0.60,	0,	0,	0.00
0.60,	0,	0,	0.00
0.60,	0,	0,	0.00
0.60,	0,	0,	0.00
0.60,	0,	0,	0.00
0.60,	0,	0,	0.00
0.60,	0,	0,	0.00
0.60,	0,	0,	0.00
0.60,	0,	0,	0.00
0.40,	10,	0,	0.00
0.22,	19,	0,	0.00
0.20,	20,	0,	0.00
0.20,	20,	0,	0.00
0.16,	22,	0,	0.00
0.22,	19,	0,	0.00
0.20,	20,	0,	0.00
0.16,	22,	0,	0.00
0.22,	19,	0,	0.00
0.16,	22,	0,	0.00
0.24,	18,	0,	0.00
0.22,	19,	0,	0.00
0.24,	18,	0,	0.00
0.24,	18,	0,	0.00
0.12,	24,	0,	0.00
0.28,	16,	0,	0.00
0.20,	20,	0,	0.00
0.16,	22,	0,	0.00
0.34,	13,	0,	0.00
0.08,	26,	0,	0.00
0.16,	22,	0,	0.00
0.48,	6,	0,	0.00
0.60,	0,	0,	0.00
0.60,	0,	0,	0.00
0.60,	0,	0,	0.00
0.60,	0,	0,	0.00
0.60,	0,	0,	0.00
0.60,	0,	0,	0.00
0.60,	0,	0,	0.00
0.60,	0,	0,	0.00
0.60,	0,	0,	0.00
0.60,	0,	0,	0.00
0.60,	0,	0,	0.00
0.60,	0,	0,	0.00
0.60,	0,	0,	0.00
0.60,	0,	0,	0.00
0.60,	0,	0,	0.00
0.60,	0,	0,	0.00
0.30,	15,	0,	0.00
0.00,	34,	0,	0.00
0.06,	27,	0,	0.00
0.46,	7,	0,	0.00
0.60,	0,	0,	0.00
0.60,	0,	0,	0.00
0.60,	0,	0,	0.00
0.60,	0,	0,	0.00
0.04,	28,	0,	0.00
0.00,	30,	0,	0.00
0.06,	27,	0,	0.00
0.24,	18,	0,	0.00
0.24,	18,	0,	0.00
0.30,	15,	0,	0.00
0.28,	16,	0,	0.00
0.24,	18,	0,	0.00
0.24,	18,	0,	0.00
0.18,	21,	0,	0.00
0.18,	21,	0,	0.00
0.14,	23,	0,	0.00
0.10,	25,	0,	0.00
0.10,	25,	0,	0.00
0.06,	27,	0,	0.00
0.08,	26,	0,	0.00
0.12,	24,	0,	0.00
0.10,	25,	0,	0.00
0.04,	28,	0,	0.00
0.06,	27,	0,	0.00
0.02,	29,	0,	0.00
0.00,	31,	0,	0.00
0.06,	27,	0,	0.00
0.00,	31,	0,	0.00
0.02,	29,	0,	0.00
0.04,	28,	0,	0.00
0.00,	30,	0,	0.00
0.04,	28,	0,	0.00
0.02,	29,	0,	0.00
0.00,	32,	0,	0.00
0.08,	26,	0,	0.00
0.02,	29,	0,	0.00