
PID coefficient,Total Power,Stimul Current,Gear,Cadence

0.01,	25,	30.71,	0,	0.00
0.01,	24,	31.56,	0,	0.00
0.01,	27,	31.99,	0,	0.00
0.01,	24,	32.84,	0,	0.00
0.01,	23,	33.83,	0,	0.00
0.00,	29,	34.01,	0,	0.00
0.02,	19,	35.52,	0,	0.00
0.06,	0,	39.50,	0,	0.00
0.06,	0,	43.28,	0,	0.00
0.06,	0,	46.87,	0,	0.00
0.06,	0,	50.27,	0,	0.00
0.06,	0,	53.49,	0,	0.00
0.07,	0,	56.53,	0,	0.00
0.07,	0,	59.41,	0,	0.00
0.07,	0,	62.13,	0,	0.00
0.07,	0,	64.69,	0,	0.00
0.07,	0,	67.11,	0,	0.00
0.07,	0,	69.39,	0,	0.00
0.07,	0,	71.53,	0,	0.00
0.07,	0,	73.54,	0,	0.00
0.07,	0,	75.44,	0,	0.00
0.07,	0,	77.21,	0,	0.00
0.07,	0,	78.87,	0,	0.00
0.07,	0,	80.43,	0,	0.00
0.07,	0,	81.89,	0,	0.00
0.08,	0,	83.25,	0,	0.00
0.08,	0,	84.52,	0,	0.00
0.08,	0,	85.71,	0,	0.00
0.06,	7,	86.61,	0,	0.00
0.08,	0,	87.66,	0,	0.00
0.08,	0,	88.63,	0,	0.00
0.08,	0,	89.54,	0,	0.00
0.08,	0,	90.38,	0,	0.00
0.08,	0,	91.16,	0,	0.00
0.08,	0,	91.88,	0,	0.00
0.08,	0,	92.55,	0,	0.00
0.08,	0,	93.17,	0,	0.00
0.08,	0,	93.74,	0,	0.00
0.08,	0,	94.28,	0,	0.00
0.09,	0,	94.76,	0,	0.00