
PID coefficient,Total Power,Gear,Cadence

0.21,	0,	0,	0.00
0.36,	0,	0,	0.00
0.51,	0,	0,	0.00
0.66,	0,	0,	0.00
0.81,	0,	0,	0.00
0.67,	42,	0,	0.00
0.51,	55,	0,	0.00
0.48,	42,	0,	0.00
0.44,	39,	0,	0.00
0.45,	32,	0,	0.00
0.38,	40,	0,	0.00
0.36,	36,	0,	0.00
0.31,	38,	0,	0.00
0.41,	18,	0,	0.00
0.60,	0,	0,	0.00
0.65,	14,	0,	0.00
0.73,	14,	0,	0.00
0.83,	12,	0,	0.00
0.90,	14,	0,	0.00
0.86,	32,	0,	0.00
0.89,	26,	0,	0.00
1.00,	12,	0,	0.00
1.00,	25,	0,	0.00
1.00,	24,	0,	0.00
0.96,	39,	0,	0.00
0.96,	33,	0,	0.00
1.00,	15,	0,	0.00
1.00,	27,	0,	0.00
1.00,	30,	0,	0.00
1.00,	32,	0,	0.00
1.00,	30,	0,	0.00
1.00,	30,	0,	0.00
1.00,	36,	0,	0.00
1.00,	29,	0,	0.00
0.96,	39,	0,	0.00
0.96,	32,	0,	0.00
0.98,	28,	0,	0.00
0.95,	33,	0,	0.00
0.96,	30,	0,	0.00
0.96,	30,	0,	0.00
1.00,	14,	0,	0.00
1.00,	18,	0,	0.00
1.00,	0,	0,	0.00
1.00,	0,	0,	0.00
1.00,	29,	0,	0.00
1.00,	29,	0,	0.00
1.00,	34,	0,	0.00
1.00,	45,	0,	0.00
1.00,	29,	0,	0.00
1.00,	37,	0,	0.00
1.00,	34,	0,	0.00
1.00,	43,	0,	0.00