
PID coefficient,Total Power,Stimul Current,Gear,Cadence

0.00,	30,	30.00,	0,	0.00
0.01,	28,	30.70,	0,	0.00
0.01,	28,	31.40,	0,	0.00
0.01,	29,	31.75,	0,	0.00
0.06,	19,	35.54,	0,	0.00
0.08,	15,	40.42,	0,	0.00
0.12,	7,	47.35,	0,	0.00
0.15,	0,	55.36,	0,	0.00
0.15,	0,	62.18,	0,	0.00
0.15,	0,	67.99,	0,	0.00
0.15,	0,	72.93,	0,	0.00
0.16,	0,	77.13,	0,	0.00
0.08,	16,	78.86,	0,	0.00
0.05,	21,	79.93,	0,	0.00
0.06,	19,	81.15,	0,	0.00
0.05,	22,	82.02,	0,	0.00
0.05,	22,	82.85,	0,	0.00
0.05,	21,	83.74,	0,	0.00
0.16,	0,	86.30,	0,	0.00
0.16,	0,	88.46,	0,	0.00
0.16,	0,	90.30,	0,	0.00