
PID coefficient,Total Power,Stimul Current,Gear,Cadence

0.15,	0,	40.55,	0,	0.00
0.15,	0,	49.56,	0,	0.00
-0.10,	51,	44.31,	0,	0.00
-0.13,	56,	37.09,	0,	0.00
-0.12,	54,	29.52,	0,	0.00
-0.09,	48,	23.13,	0,	0.00
-0.11,	51,	14.96,	0,	0.00
-0.10,	50,	6.31,	0,	0.00
-0.05,	39,	1.91,	0,	0.00
0.08,	13,	10.09,	0,	0.00
0.07,	15,	16.73,	0,	0.00
0.01,	28,	17.47,	0,	0.00
0.01,	28,	18.21,	0,	0.00
-0.03,	36,	15.65,	0,	0.00
-0.01,	31,	15.13,	0,	0.00
0.05,	20,	19.28,	0,	0.00
0.01,	28,	20.02,	0,	0.00
0.03,	23,	22.75,	0,	0.00
0.05,	20,	26.57,	0,	0.00
0.06,	18,	30.96,	0,	0.00
0.08,	14,	36.50,	0,	0.00
0.15,	0,	46.08,	0,	0.00
0.15,	0,	54.26,	0,	0.00
0.15,	0,	61.23,	0,	0.00
0.15,	0,	67.17,	0,	0.00
0.15,	0,	72.22,	0,	0.00
0.15,	0,	76.52,	0,	0.00
0.16,	0,	80.17,	0,	0.00