
PID coefficient,Total Power,Gear,Cadence

0.96,	0,	0,	0
1,	0,	0,	0
1,	0,	0,	0
1,	0,	0,	0
1,	0,	0,	0
1,	9,	0,	0
1,	9,	0,	0
1,	8,	0,	0
1,	0,	0,	0
1,	0,	0,	0
1,	0,	0,	0
1,	0,	0,	0
1,	0,	0,	0
1,	0,	0,	0
1,	7,	0,	0
1,	18,	0,	0
1,	9,	0,	0
1,	10,	0,	0
1,	0,	0,	0
1,	9,	0,	0
1,	0,	0,	0
1,	0,	0,	0
1,	0,	0,	0
1,	0,	0,	0
1,	0,	0,	0
1,	0,	0,	0
1,	0,	0,	0
1,	0,	0,	0
1,	0,	0,	0
1,	0,	0,	0
1,	0,	0,	0
1,	0,	0,	0
1,	0,	0,	0
1,	0,	0,	0
1,	0,	0,	0
1,	0,	0,	0
1,	0,	0,	0
1,	0,	0,	0
1,	0,	0,	0
1,	0,	0,	0
1,	0,	0,	0
1,	0,	0,	0
1,	0,	0,	0
1,	0,	0,	0
1,	19,	0,	0
1,	30,	0,	0
1,	30,	0,	0
1,	31,	0,	0
1,	0,	0,	0
1,	0,	0,	0
1,	0,	0,	0
1,	0,	0,	0
1,	0,	0,	0
1,	0,	0,	0
1,	0,	0,	0
1,	0,	0,	0
1,	0,	0,	0
1,	0,	0,	0
1,	0,	0,	0
1,	0,	0,	0
1,	0,	0,	0
1,	0,	0,	0
1,	0,	0,	0
1,	0,	0,	0
1,	0,	0,	0
1,	0,	0,	0
1,	0,	0,	0
1,	0,	0,	0
1,	0,	0,	0
1,	0,	0,	0
1,	0,	0,	0