
PID coefficient,Total Power,Stimul Current,Gear,Cadence

0.29,	0,	50.37,	0,	0.00
0.31,	0,	65.85,	0,	0.00
0.33,	0,	77.22,	0,	0.00
0.35,	0,	85.29,	0,	0.00
0.38,	0,	90.80,	0,	0.00
0.40,	0,	94.45,	0,	0.00
0.42,	0,	96.76,	0,	0.00
0.44,	0,	98.18,	0,	0.00
0.46,	0,	99.02,	0,	0.00
0.48,	0,	99.49,	0,	0.00
0.50,	0,	99.74,	0,	0.00
0.52,	0,	99.88,	0,	0.00
0.30,	25,	99.91,	0,	0.00
0.31,	24,	99.94,	0,	0.00
0.32,	24,	99.96,	0,	0.00
0.33,	23,	99.97,	0,	0.00
0.31,	26,	99.98,	0,	0.00
0.31,	26,	99.99,	0,	0.00
0.39,	18,	99.99,	0,	0.00
0.39,	19,	100.00,	0,	0.00
0.40,	19,	100.00,	0,	0.00
0.40,	20,	100.00,	0,	0.00
0.44,	16,	100.00,	0,	0.00
0.45,	16,	100.00,	0,	0.00
0.43,	19,	100.00,	0,	0.00
0.46,	17,	100.00,	0,	0.00
0.49,	15,	100.00,	0,	0.00
0.50,	15,	100.00,	0,	0.00
0.52,	14,	100.00,	0,	0.00
0.53,	14,	100.00,	0,	0.00
0.52,	16,	100.00,	0,	0.00
0.55,	14,	100.00,	0,	0.00
0.54,	16,	100.00,	0,	0.00
0.53,	18,	100.00,	0,	0.00
0.58,	14,	100.00,	0,	0.00