
PID coefficient,Total Power,Stimul Current,Gear,Cadence

0.00,	30,	30.00,	0,	0.00
-0.02,	32,	28.60,	0,	0.00
-0.02,	32,	27.16,	0,	0.00
-0.02,	32,	25.69,	0,	0.00
-0.04,	34,	22.70,	0,	0.00
0.01,	29,	23.46,	0,	0.00
0.05,	25,	27.28,	0,	0.00
0.07,	23,	32.37,	0,	0.00
0.30,	0,	52.72,	0,	0.00
0.30,	0,	66.98,	0,	0.00
0.30,	0,	76.96,	0,	0.00
0.30,	0,	83.94,	0,	0.00
0.30,	0,	88.82,	0,	0.00
-0.39,	69,	84.49,	0,	0.00
-0.39,	69,	78.48,	0,	0.00
-0.46,	76,	68.59,	0,	0.00
-0.36,	66,	57.28,	0,	0.00
-0.37,	67,	41.42,	0,	0.00
-0.35,	65,	20.80,	0,	0.00
-0.22,	52,	3.18,	0,	0.00
-0.01,	31,	1.97,	0,	0.00
0.30,	0,	31.20,	0,	0.00
0.30,	0,	51.77,	0,	0.00
0.30,	0,	66.22,	0,	0.00
0.30,	0,	76.37,	0,	0.00
0.03,	27,	77.09,	0,	0.00
-0.21,	51,	72.28,	0,	0.00
-0.22,	52,	66.17,	0,	0.00
-0.15,	45,	61.06,	0,	0.00
0.04,	26,	62.59,	0,	0.00
0.22,	8,	70.81,	0,	0.00