
PID coefficient,Total Power,Gear,Cadence

0.06,	0,	0,	0.00
0.06,	0,	0,	0.00
0.06,	0,	0,	0.00
0.06,	0,	0,	0.00
0.06,	0,	0,	0.00
0.01,	24,	0,	0.00
0.01,	27,	0,	0.00
0.00,	28,	0,	0.00
0.00,	30,	0,	0.00
0.00,	30,	0,	0.00
0.00,	29,	0,	0.00
0.00,	28,	0,	0.00
0.00,	30,	0,	0.00
0.00,	29,	0,	0.00
0.01,	25,	0,	0.00
0.01,	26,	0,	0.00
0.00,	29,	0,	0.00
0.00,	28,	0,	0.00
0.00,	29,	0,	0.00
0.01,	27,	0,	0.00
0.00,	30,	0,	0.00
0.00,	28,	0,	0.00
0.00,	32,	0,	0.00
0.00,	31,	0,	0.00
0.01,	23,	0,	0.00
0.03,	14,	0,	0.00
0.02,	21,	0,	0.00
0.03,	17,	0,	0.00
0.01,	24,	0,	0.00
0.01,	24,	0,	0.00
0.01,	23,	0,	0.00
0.01,	23,	0,	0.00
0.02,	22,	0,	0.00
0.01,	23,	0,	0.00
0.01,	23,	0,	0.00
0.01,	23,	0,	0.00
0.01,	24,	0,	0.00
0.01,	24,	0,	0.00
0.02,	20,	0,	0.00
0.03,	17,	0,	0.00
0.03,	16,	0,	0.00
0.03,	14,	0,	0.00
0.03,	14,	0,	0.00
0.03,	15,	0,	0.00
0.03,	14,	0,	0.00
0.03,	14,	0,	0.00
0.03,	15,	0,	0.00
0.06,	0,	0,	0.00
0.06,	0,	0,	0.00
0.06,	0,	0,	0.00
0.06,	0,	0,	0.00
0.06,	0,	0,	0.00
0.06,	0,	0,	0.00
0.06,	0,	0,	0.00
0.06,	0,	0,	0.00
0.06,	0,	0,	0.00
0.06,	0,	0,	0.00
0.06,	0,	0,	0.00
0.06,	0,	0,	0.00
0.06,	0,	0,	0.00
0.06,	0,	0,	0.00
0.06,	0,	0,	0.00
0.06,	0,	0,	0.00
0.06,	0,	0,	0.00
0.06,	0,	0,	0.00
0.06,	0,	0,	0.00
0.06,	0,	0,	0.00
0.06,	0,	0,	0.00
0.06,	0,	0,	0.00
0.06,	0,	0,	0.00
0.06,	0,	0,	0.00
0.06,	0,	0,	0.00
0.06,	0,	0,	0.00
0.06,	0,	0,	0.00
0.06,	0,	0,	0.00
0.06,	0,	0,	0.00
0.06,	0,	0,	0.00
0.06,	0,	0,	0.00
0.06,	0,	0,	0.00
0.06,	0,	0,	0.00
0.06,	0,	0,	0.00
0.06,	0,	0,	0.00
0.06,	0,	0,	0.00
0.06,	0,	0,	0.00
0.06,	0,	0,	0.00
0.06,	0,	0,	0.00
0.06,	0,	0,	0.00
0.06,	0,	0,	0.00
0.06,	0,	0,	0.00
0.06,	0,	0,	0.00
0.06,	0,	0,	0.00
0.06,	0,	0,	0.00
0.06,	0,	0,	0.00
0.06,	0,	0,	0.00
0.06,	0,	0,	0.00
0.06,	0,	0,	0.00
0.06,	0,	0,	0.00
0.00,	43,	0,	0.00
0.00,	33,	0,	0.00
0.06,	0,	0,	0.00
0.06,	0,	0,	0.00
0.06,	0,	0,	0.00
0.06,	0,	0,	0.00
0.06,	0,	0,	0.00
0.06,	0,	0,	0.00
0.06,	0,	0,	0.00
0.06,	0,	0,	0.00
0.06,	0,	0,	0.00
0.06,	0,	0,	0.00
0.06,	0,	0,	0.00
0.00,	41,	0,	0.00
0.00,	34,	0,	0.00
0.02,	19,	0,	0.00
0.02,	19,	0,	0.00
0.02,	21,	0,	0.00
0.01,	24,	0,	0.00
0.02,	20,	0,	0.00
0.02,	19,	0,	0.00
0.03,	17,	0,	0.00
0.02,	21,	0,	0.00
0.02,	20,	0,	0.00
0.02,	18,	0,	0.00
0.02,	20,	0,	0.00
0.02,	18,	0,	0.00
0.02,	18,	0,	0.00
0.02,	18,	0,	0.00
0.03,	17,	0,	0.00
0.03,	15,	0,	0.00
0.06,	0,	0,	0.00
0.06,	0,	0,	0.00
0.06,	0,	0,	0.00
0.04,	9,	0,	0.00
0.05,	7,	0,	0.00
0.04,	8,	0,	0.00
0.04,	9,	0,	0.00
0.03,	13,	0,	0.00
0.03,	15,	0,	0.00
0.03,	16,	0,	0.00
0.03,	14,	0,	0.00