
PID coefficient,Total Power,Stimul Current,Gear,Cadence

0.29,	0,	50.37,	0,	0.00
0.31,	0,	65.85,	0,	0.00
0.33,	0,	77.22,	0,	0.00
0.35,	0,	85.29,	0,	0.00
0.38,	0,	90.80,	0,	0.00
0.40,	0,	94.45,	0,	0.00
0.42,	0,	96.76,	0,	0.00
0.44,	0,	98.18,	0,	0.00
0.46,	0,	99.02,	0,	0.00
0.48,	0,	99.49,	0,	0.00
0.50,	0,	99.74,	0,	0.00
0.52,	0,	99.88,	0,	0.00
0.54,	0,	99.94,	0,	0.00
0.56,	0,	99.98,	0,	0.00
0.58,	0,	99.99,	0,	0.00
0.61,	0,	100.00,	0,	0.00
0.63,	0,	100.00,	0,	0.00
0.65,	0,	100.00,	0,	0.00
0.67,	0,	100.00,	0,	0.00
0.69,	0,	100.00,	0,	0.00
0.71,	0,	100.00,	0,	0.00
0.73,	0,	100.00,	0,	0.00
0.75,	0,	100.00,	0,	0.00
