
PID coefficient,Total Power,Gear,Cadence

0.00,	0,	0,	0.00
0.00,	0,	0,	0.00
0.00,	0,	0,	0.00
0.00,	0,	0,	0.00
0.00,	0,	0,	0.00
0.00,	0,	0,	0.00
0.00,	0,	0,	0.00
0.00,	0,	0,	0.00
0.00,	0,	0,	0.00
0.00,	0,	0,	0.00
0.00,	0,	0,	0.00
0.00,	0,	0,	0.00
0.00,	0,	0,	0.00
0.00,	0,	0,	0.00
0.00,	0,	0,	0.00
0.00,	0,	0,	0.00
0.00,	0,	0,	0.00
0.00,	0,	0,	0.00
0.00,	0,	0,	0.00
0.00,	20,	0,	0.00
0.00,	19,	0,	0.00
0.00,	0,	0,	0.00
0.00,	0,	0,	0.00
0.00,	0,	0,	0.00
0.00,	0,	0,	0.00
0.00,	0,	0,	0.00
0.00,	0,	0,	0.00
0.00,	0,	0,	0.00
0.00,	0,	0,	0.00
0.00,	0,	0,	0.00
0.00,	25,	0,	0.00
0.00,	22,	0,	0.00
0.00,	28,	0,	0.00
0.00,	26,	0,	0.00
0.00,	24,	0,	0.00
0.00,	26,	0,	0.00
0.00,	27,	0,	0.00
0.00,	27,	0,	0.00
0.00,	27,	0,	0.00
0.00,	29,	0,	0.00
0.00,	28,	0,	0.00
0.00,	31,	0,	0.00
0.00,	29,	0,	0.00
0.00,	29,	0,	0.00
0.00,	27,	0,	0.00
0.00,	27,	0,	0.00
0.00,	23,	0,	0.00
0.00,	24,	0,	0.00
0.00,	24,	0,	0.00
0.00,	24,	0,	0.00
0.00,	25,	0,	0.00
0.00,	22,	0,	0.00
0.00,	24,	0,	0.00
0.00,	20,	0,	0.00
0.00,	22,	0,	0.00
0.00,	20,	0,	0.00
0.00,	20,	0,	0.00
0.00,	19,	0,	0.00
0.00,	15,	0,	0.00
0.00,	16,	0,	0.00
0.00,	16,	0,	0.00
0.00,	7,	0,	0.00
0.00,	8,	0,	0.00
0.00,	9,	0,	0.00
0.00,	14,	0,	0.00
0.00,	14,	0,	0.00
0.00,	15,	0,	0.00
0.00,	5,	0,	0.00
0.00,	0,	0,	0.00
0.00,	0,	0,	0.00
0.00,	0,	0,	0.00
0.00,	0,	0,	0.00
0.00,	0,	0,	0.00
0.00,	0,	0,	0.00
0.00,	0,	0,	0.00
0.00,	0,	0,	0.00
0.00,	0,	0,	0.00
0.00,	0,	0,	0.00
0.00,	0,	0,	0.00
0.00,	0,	0,	0.00
0.00,	0,	0,	0.00
0.00,	0,	0,	0.00
0.00,	0,	0,	0.00
0.00,	0,	0,	0.00
0.00,	21,	0,	0.00
0.00,	33,	0,	0.00
0.00,	55,	0,	0.00
0.00,	52,	0,	0.00
0.00,	48,	0,	0.00
0.00,	50,	0,	0.00
0.00,	49,	0,	0.00
0.00,	46,	0,	0.00
0.00,	23,	0,	0.00
0.00,	0,	0,	0.00
0.00,	0,	0,	0.00
0.00,	0,	0,	0.00
0.00,	0,	0,	0.00