
PID coefficient,Total Power,Stimul Current,Gear,Cadence

0.26,	17,	48.22,	0,	0.00
0.24,	18,	60.68,	0,	0.00
0.22,	19,	69.37,	0,	0.00
0.20,	20,	75.53,	0,	0.00
0.60,	0,	90.26,	0,	0.00
0.60,	0,	96.13,	0,	0.00
0.60,	0,	98.46,	0,	0.00
0.60,	0,	99.39,	0,	0.00
0.60,	0,	99.76,	0,	0.00
0.61,	0,	99.91,	0,	0.00
0.61,	0,	99.96,	0,	0.00
0.61,	0,	99.99,	0,	0.00
0.61,	0,	99.99,	0,	0.00
0.11,	25,	99.99,	0,	0.00
-0.37,	49,	99.99,	0,	0.00
-0.39,	50,	99.99,	0,	0.00
-0.35,	48,	99.99,	0,	0.00
-0.25,	43,	99.98,	0,	0.00
0.05,	28,	99.98,	0,	0.00