
PID coefficient,Total Power,Gear,Cadence

0.21,	0,	0,	0
0.36,	0,	0,	0
0.51,	0,	0,	0
0.66,	0,	0,	0
0.81,	0,	0,	0
0.96,	0,	0,	0
1,	0,	0,	0
1,	0,	0,	0
1,	7,	0,	0
1,	16,	0,	0
1,	0,	0,	0
1,	0,	0,	0
1,	0,	0,	0
1,	0,	0,	0
1,	0,	0,	0
1,	0,	0,	0
1,	0,	0,	0
1,	0,	0,	0
1,	0,	0,	0
1,	0,	0,	0
1,	0,	0,	0
1,	0,	0,	0
1,	17,	0,	0
1,	30,	0,	0
1,	23,	0,	0
1,	11,	0,	0
1,	16,	0,	0
1,	23,	0,	0
1,	24,	0,	0
1,	22,	0,	0
1,	29,	0,	0
1,	34,	0,	0
1,	31,	0,	0
1,	29,	0,	0
1,	25,	0,	0
1,	26,	0,	0
1,	30,	0,	0
1,	29,	0,	0
1,	33,	0,	0
1,	35,	0,	0
1,	37,	0,	0
1,	31,	0,	0
1,	32,	0,	0
1,	29,	0,	0
1,	37,	0,	0
1,	34,	0,	0
1,	32,	0,	0
1,	31,	0,	0
1,	15,	0,	0
1,	32,	0,	0