
PID coefficient,Total Power,Gear,Cadence

0.06,	0,	0,	0.00
0.06,	0,	0,	0.00
0.06,	0,	0,	0.00
0.06,	0,	0,	0.00
0.06,	0,	0,	0.00
0.06,	0,	0,	0.00
0.03,	17,	0,	0.00
-0.07,	66,	0,	0.00
-0.00,	32,	0,	0.00
0.01,	28,	0,	0.00
0.02,	23,	0,	0.00
0.00,	31,	0,	0.00
0.01,	29,	0,	0.00
0.01,	29,	0,	0.00
0.00,	30,	0,	0.00
-0.00,	34,	0,	0.00
-0.02,	44,	0,	0.00
-0.04,	52,	0,	0.00
-0.05,	54,	0,	0.00
-0.04,	52,	0,	0.00
-0.05,	56,	0,	0.00
-0.05,	56,	0,	0.00
-0.06,	60,	0,	0.00
-0.07,	66,	0,	0.00
-0.06,	57,	0,	0.00
-0.05,	55,	0,	0.00
-0.05,	54,	0,	0.00
-0.05,	52,	0,	0.00
-0.03,	44,	0,	0.00
-0.05,	51,	0,	0.00
-0.03,	43,	0,	0.00
-0.00,	29,	0,	0.00
-0.00,	30,	0,	0.00
0.00,	27,	0,	0.00
0.02,	19,	0,	0.00
0.02,	17,	0,	0.00
0.01,	22,	0,	0.00
0.01,	23,	0,	0.00
0.00,	26,	0,	0.00
0.00,	27,	0,	0.00
0.00,	28,	0,	0.00
0.01,	25,	0,	0.00
0.01,	24,	0,	0.00
0.00,	27,	0,	0.00
0.01,	25,	0,	0.00
0.00,	27,	0,	0.00
0.00,	28,	0,	0.00
0.01,	24,	0,	0.00
0.00,	27,	0,	0.00
0.00,	27,	0,	0.00
0.00,	28,	0,	0.00
-0.00,	31,	0,	0.00
-0.00,	29,	0,	0.00
0.01,	26,	0,	0.00
0.00,	28,	0,	0.00
0.01,	26,	0,	0.00
-0.00,	31,	0,	0.00
0.00,	28,	0,	0.00
0.00,	27,	0,	0.00
-0.00,	31,	0,	0.00
0.00,	27,	0,	0.00
0.00,	28,	0,	0.00
0.00,	28,	0,	0.00
-0.00,	30,	0,	0.00
0.00,	27,	0,	0.00
0.00,	27,	0,	0.00
0.01,	26,	0,	0.00
0.00,	28,	0,	0.00
0.01,	26,	0,	0.00
0.00,	27,	0,	0.00
-0.00,	31,	0,	0.00
-0.00,	31,	0,	0.00
0.00,	29,	0,	0.00
0.00,	29,	0,	0.00
-0.01,	34,	0,	0.00
-0.00,	30,	0,	0.00
-0.00,	31,	0,	0.00
0.00,	28,	0,	0.00
0.00,	29,	0,	0.00
-0.00,	31,	0,	0.00
0.00,	27,	0,	0.00
0.01,	25,	0,	0.00
0.00,	28,	0,	0.00
-0.00,	31,	0,	0.00
-0.00,	31,	0,	0.00
0.00,	28,	0,	0.00
0.00,	29,	0,	0.00
0.00,	27,	0,	0.00
0.01,	26,	0,	0.00
0.01,	27,	0,	0.00
0.03,	13,	0,	0.00
0.06,	0,	0,	0.00
0.06,	0,	0,	0.00
0.06,	0,	0,	0.00
0.06,	0,	0,	0.00
0.06,	0,	0,	0.00
0.06,	0,	0,	0.00
0.06,	0,	0,	0.00
0.07,	0,	0,	0.00
0.07,	0,	0,	0.00
0.07,	0,	0,	0.00
0.07,	0,	0,	0.00
0.07,	0,	0,	0.00
0.07,	0,	0,	0.00
0.07,	0,	0,	0.00
0.07,	0,	0,	0.00
0.07,	0,	0,	0.00
0.07,	0,	0,	0.00
0.07,	0,	0,	0.00
0.07,	0,	0,	0.00
0.07,	0,	0,	0.00
0.08,	0,	0,	0.00
0.08,	0,	0,	0.00
0.08,	0,	0,	0.00
0.08,	0,	0,	0.00
0.08,	0,	0,	0.00
0.08,	0,	0,	0.00
0.08,	0,	0,	0.00
0.08,	0,	0,	0.00
0.08,	0,	0,	0.00
0.08,	0,	0,	0.00
0.08,	0,	0,	0.00
0.08,	0,	0,	0.00
0.08,	0,	0,	0.00
0.08,	0,	0,	0.00
0.09,	0,	0,	0.00
0.09,	0,	0,	0.00
0.09,	0,	0,	0.00
0.03,	29,	0,	0.00
-0.05,	69,	0,	0.00
-0.07,	78,	0,	0.00
-0.09,	86,	0,	0.00
-0.09,	85,	0,	0.00
-0.10,	92,	0,	0.00
-0.10,	92,	0,	0.00
-0.10,	87,	0,	0.00
-0.09,	83,	0,	0.00
-0.08,	80,	0,	0.00
-0.08,	79,	0,	0.00
-0.08,	77,	0,	0.00
-0.09,	80,	0,	0.00
-0.06,	65,	0,	0.00
-0.07,	69,	0,	0.00
-0.07,	68,	0,	0.00
-0.06,	65,	0,	0.00
-0.06,	64,	0,	0.00
-0.06,	64,	0,	0.00
-0.06,	63,	0,	0.00
-0.06,	60,	0,	0.00
-0.05,	58,	0,	0.00
-0.05,	58,	0,	0.00
-0.04,	53,	0,	0.00
-0.05,	57,	0,	0.00
-0.05,	56,	0,	0.00
-0.02,	42,	0,	0.00
-0.05,	55,	0,	0.00
-0.07,	65,	0,	0.00
-0.07,	62,	0,	0.00
-0.05,	53,	0,	0.00
0.06,	0,	0,	0.00
0.06,	0,	0,	0.00