
PID coefficient,Total Power,Stimul Current,Gear,Cadence

0.26,	0,	48.06,	0,	0.00
0.28,	0,	62.40,	0,	0.00
0.29,	0,	73.45,	0,	0.00
0.31,	0,	81.73,	0,	0.00
0.33,	0,	87.76,	0,	0.00
0.35,	0,	92.02,	0,	0.00
0.37,	0,	94.94,	0,	0.00
0.38,	0,	96.88,	0,	0.00
0.40,	0,	98.14,	0,	0.00
0.42,	0,	98.92,	0,	0.00
0.44,	0,	99.39,	0,	0.00
0.46,	0,	99.67,	0,	0.00
0.47,	0,	99.83,	0,	0.00
0.49,	0,	99.91,	0,	0.00
0.38,	15,	99.95,	0,	0.00
0.29,	27,	99.96,	0,	0.00
0.33,	22,	99.97,	0,	0.00
0.33,	23,	99.98,	0,	0.00
0.30,	27,	99.99,	0,	0.00
0.30,	27,	99.99,	0,	0.00
0.28,	30,	99.99,	0,	0.00
0.27,	31,	100.00,	0,	0.00
0.27,	30,	100.00,	0,	0.00
0.28,	29,	100.00,	0,	0.00
0.27,	31,	100.00,	0,	0.00
0.28,	29,	100.00,	0,	0.00
0.29,	28,	100.00,	0,	0.00
0.29,	28,	100.00,	0,	0.00
0.29,	29,	100.00,	0,	0.00
0.29,	29,	100.00,	0,	0.00
0.29,	29,	100.00,	0,	0.00
0.33,	24,	100.00,	0,	0.00
0.40,	16,	100.00,	0,	0.00
0.41,	16,	100.00,	0,	0.00
0.41,	17,	100.00,	0,	0.00
0.44,	15,	100.00,	0,	0.00
0.51,	7,	100.00,	0,	0.00
0.59,	0,	100.00,	0,	0.00
0.61,	0,	100.00,	0,	0.00
0.62,	0,	100.00,	0,	0.00
0.64,	0,	100.00,	0,	0.00
0.66,	0,	100.00,	0,	0.00
0.68,	0,	100.00,	0,	0.00
0.70,	0,	100.00,	0,	0.00
0.71,	0,	100.00,	0,	0.00
0.73,	0,	100.00,	0,	0.00
0.75,	0,	100.00,	0,	0.00
0.77,	0,	100.00,	0,	0.00
0.79,	0,	100.00,	0,	0.00
0.80,	0,	100.00,	0,	0.00
0.82,	0,	100.00,	0,	0.00
0.84,	0,	100.00,	0,	0.00
0.86,	0,	100.00,	0,	0.00
0.74,	16,	100.00,	0,	0.00
0.66,	26,	100.00,	0,	0.00
0.66,	26,	100.00,	0,	0.00
0.69,	23,	100.00,	0,	0.00
0.65,	28,	100.00,	0,	0.00
0.65,	29,	100.00,	0,	0.00
0.65,	29,	100.00,	0,	0.00
0.66,	27,	100.00,	0,	0.00
0.67,	26,	100.00,	0,	0.00
0.66,	28,	100.00,	0,	0.00
0.65,	29,	100.00,	0,	0.00
0.64,	30,	100.00,	0,	0.00
0.66,	28,	100.00,	0,	0.00
0.66,	28,	100.00,	0,	0.00
0.66,	28,	100.00,	0,	0.00
0.63,	32,	100.00,	0,	0.00
0.59,	37,	100.00,	0,	0.00
0.59,	36,	100.00,	0,	0.00
0.58,	37,	100.00,	0,	0.00
0.55,	40,	100.00,	0,	0.00
0.56,	38,	100.00,	0,	0.00
0.55,	39,	100.00,	0,	0.00
0.53,	40,	100.00,	0,	0.00
0.50,	43,	100.00,	0,	0.00
0.42,	51,	100.00,	0,	0.00
0.43,	49,	100.00,	0,	0.00
0.43,	47,	100.00,	0,	0.00
0.38,	52,	100.00,	0,	0.00
0.39,	49,	100.00,	0,	0.00
0.41,	46,	100.00,	0,	0.00
0.40,	46,	100.00,	0,	0.00
0.41,	43,	100.00,	0,	0.00
0.48,	34,	100.00,	0,	0.00
0.53,	28,	100.00,	0,	0.00
0.56,	25,	100.00,	0,	0.00
0.57,	24,	100.00,	0,	0.00
0.58,	23,	100.00,	0,	0.00
0.60,	22,	100.00,	0,	0.00
0.58,	24,	100.00,	0,	0.00
0.59,	24,	100.00,	0,	0.00
0.59,	24,	100.00,	0,	0.00
0.60,	23,	100.00,	0,	0.00
0.60,	24,	100.00,	0,	0.00
0.60,	24,	100.00,	0,	0.00
0.63,	21,	100.00,	0,	0.00
0.65,	20,	100.00,	0,	0.00
0.69,	16,	100.00,	0,	0.00
0.70,	15,	100.00,	0,	0.00
0.70,	16,	100.00,	0,	0.00
0.71,	16,	100.00,	0,	0.00
0.74,	14,	100.00,	0,	0.00
0.75,	14,	100.00,	0,	0.00
0.75,	15,	100.00,	0,	0.00
0.78,	12,	100.00,	0,	0.00
0.83,	8,	100.00,	0,	0.00
0.91,	0,	100.00,	0,	0.00
0.93,	0,	100.00,	0,	0.00
0.95,	0,	100.00,	0,	0.00
0.97,	0,	100.00,	0,	0.00
0.98,	0,	100.00,	0,	0.00
1.00,	0,	100.00,	0,	0.00
1.00,	0,	100.00,	0,	0.00
1.00,	0,	100.00,	0,	0.00
1.00,	0,	100.00,	0,	0.00
1.00,	0,	100.00,	0,	0.00
1.00,	0,	100.00,	0,	0.00
1.00,	0,	100.00,	0,	0.00
0.96,	19,	100.00,	0,	0.00
0.82,	37,	100.00,	0,	0.00
0.81,	37,	100.00,	0,	0.00
0.76,	43,	100.00,	0,	0.00
0.76,	42,	100.00,	0,	0.00
0.75,	42,	100.00,	0,	0.00
0.73,	44,	100.00,	0,	0.00
0.72,	44,	100.00,	0,	0.00
0.70,	45,	100.00,	0,	0.00
0.66,	48,	100.00,	0,	0.00
0.61,	53,	100.00,	0,	0.00
0.64,	48,	100.00,	0,	0.00
0.65,	46,	100.00,	0,	0.00