
PID coefficient,Total Power,Stimul Current,Gear,Cadence

0.09,	19,	36.18,	0,	0.00
0.24,	0,	51.56,	0,	0.00
0.24,	0,	63.27,	0,	0.00
0.24,	0,	72.18,	0,	0.00
0.24,	0,	78.95,	0,	0.00
0.24,	0,	84.09,	0,	0.00
0.24,	0,	87.98,	0,	0.00
0.25,	0,	90.93,	0,	0.00
0.25,	0,	93.17,	0,	0.00
0.25,	0,	94.85,	0,	0.00
0.25,	0,	96.13,	0,	0.00
0.25,	0,	97.09,	0,	0.00
0.25,	0,	97.82,	0,	0.00
0.25,	0,	98.36,	0,	0.00
0.25,	0,	98.77,	0,	0.00
0.25,	0,	99.08,	0,	0.00
0.25,	0,	99.31,	0,	0.00
0.25,	0,	99.49,	0,	0.00
0.25,	0,	99.62,	0,	0.00
0.25,	0,	99.71,	0,	0.00
0.26,	0,	99.79,	0,	0.00
0.26,	0,	99.84,	0,	0.00
0.26,	0,	99.88,	0,	0.00
0.26,	0,	99.91,	0,	0.00
0.10,	20,	99.92,	0,	0.00
0.08,	22,	99.93,	0,	0.00
0.11,	18,	99.94,	0,	0.00
0.07,	23,	99.94,	0,	0.00
0.09,	21,	99.95,	0,	0.00
0.09,	21,	99.95,	0,	0.00
0.10,	20,	99.96,	0,	0.00
0.04,	28,	99.96,	0,	0.00
0.05,	26,	99.96,	0,	0.00
0.06,	25,	99.96,	0,	0.00
0.04,	27,	99.96,	0,	0.00
0.04,	28,	99.96,	0,	0.00
0.13,	16,	99.97,	0,	0.00
0.13,	16,	99.97,	0,	0.00
0.14,	15,	99.98,	0,	0.00
0.16,	13,	99.98,	0,	0.00
0.13,	16,	99.98,	0,	0.00
0.14,	15,	99.99,	0,	0.00
0.15,	14,	99.99,	0,	0.00
0.16,	13,	99.99,	0,	0.00
0.26,	0,	99.99,	0,	0.00
0.26,	0,	99.99,	0,	0.00