
PID coefficient,Total Power,Stimul Current,Gear,Cadence

0.00,	30,	30.00,	0,	0.00
0.03,	27,	31.83,	0,	0.00
0.26,	0,	49.76,	0,	0.00
0.28,	0,	64.04,	0,	0.00
0.31,	0,	75.01,	0,	0.00
0.33,	0,	83.16,	0,	0.00
0.35,	0,	89.00,	0,	0.00
0.37,	0,	93.05,	0,	0.00
0.39,	0,	95.76,	0,	0.00
0.26,	17,	96.87,	0,	0.00
0.26,	18,	97.69,	0,	0.00
0.27,	18,	98.32,	0,	0.00
0.32,	13,	98.86,	0,	0.00
0.32,	15,	99.22,	0,	0.00
0.35,	13,	99.49,	0,	0.00
0.47,	0,	99.73,	0,	0.00
0.49,	0,	99.86,	0,	0.00
0.51,	0,	99.93,	0,	0.00
0.53,	0,	99.97,	0,	0.00
0.55,	0,	99.99,	0,	0.00
0.58,	0,	99.99,	0,	0.00
0.60,	0,	100.00,	0,	0.00
0.62,	0,	100.00,	0,	0.00
0.46,	21,	100.00,	0,	0.00
0.49,	18,	100.00,	0,	0.00
0.51,	17,	100.00,	0,	0.00
0.50,	19,	100.00,	0,	0.00
0.52,	17,	100.00,	0,	0.00
0.53,	17,	100.00,	0,	0.00
0.56,	15,	100.00,	0,	0.00
0.57,	15,	100.00,	0,	0.00
0.60,	13,	100.00,	0,	0.00
0.72,	0,	100.00,	0,	0.00
0.74,	0,	100.00,	0,	0.00
0.70,	7,	100.00,	0,	0.00
0.65,	15,	100.00,	0,	0.00